10,132
10,106
10,10
10,290
10,172
10,22
10,310
10,90
10,2
10,3
11,24
11,20
11,4
11,3
50,3
50,2
50,1
50,0
49,6
49,5
49,4
49,3
8,15
49,2
49,1
8,17
8,12
8,11
8,7
0,534
49,0
47,3
47,2
47,1
47,0
35,10
35,9
35,8
35,7
35,6
35,5
35,4
35,3
35,2
35,1
35,0
34,5
34,4
34,3
34,2
34,1
34,0
33,34
33,33
33,32
33,31
33,30
33,29
33,28
33,27
33,26
33,25
33,24
33,23
33,22
33,21
33,20
33,19
33,18
33,17
33,16
33,15
33,14
33,13
33,12
33,11
33,10
33,9
33,8
33,7
33,6
33,5
33,4
33,3
33,2
33,1
33,0
32,4
32,3
32,2
32,1
32,0
31,8
31,7
31,6
31,5
31,4
31,1
20,3
20,2
20,1
19,2
19,3
19,1
14,4
14,2
14,0
12,3
12,2
12,1
11,29
11,28
11,27
11,26
11,25
11,23
11,22
11,1
11,6
11,2
10,284
10,252
10,244
